4096 4096 0.621842 4096 
4092 4092 0.606012 4096 
4088 4088 0.573398 4096 
4084 4088 0.573398 4096 
4080 4080 0.558713 4096 
4076 4080 0.558713 4096 
4072 4072 0.557920 4096 
4068 4072 0.557920 4096 
4064 4064 0.552163 4096 
4060 4064 0.552163 4096 
4056 4064 0.552163 4096 
4052 4064 0.552163 4096 
4048 4064 0.552163 4096 
4044 4064 0.552163 4096 
4040 4064 0.552163 4096 
4036 4064 0.552163 4096 
4032 4032 0.534407 4096 
4028 4032 0.534407 4096 
4024 4032 0.534407 4096 
4020 4032 0.534407 4096 
4016 4032 0.534407 4096 
4012 4032 0.534407 4096 
4008 4032 0.534407 4096 
4004 4032 0.534407 4096 
4000 4000 0.526167 4096 
3996 4000 0.526167 4096 
3992 3992 0.525429 4096 
3988 3992 0.525429 4096 
3984 3992 0.525429 4096 
3980 3992 0.525429 4096 
3976 3992 0.525429 4096 
3972 3992 0.525429 4096 
3968 3968 0.521274 4096 
3964 3968 0.521274 4096 
3960 3968 0.521274 4096 
3956 3968 0.521274 4096 
3952 3968 0.521274 4096 
3948 3968 0.521274 4096 
3944 3968 0.521274 4096 
3940 3968 0.521274 4096 
3936 3936 0.504633 4096 
3932 3936 0.504633 4096 
3928 3936 0.504633 4096 
3924 3936 0.504633 4096 
3920 3936 0.504633 4096 
3916 3936 0.504633 4096 
3912 3936 0.504633 4096 
3908 3936 0.504633 4096 
3904 3904 0.496139 4096 
3900 3904 0.496139 4096 
3896 3904 0.496139 4096 
3892 3904 0.496139 4096 
3888 3888 0.495747 4096 
3884 3888 0.495747 4096 
3880 3888 0.495747 4096 
3876 3888 0.495747 4096 
3872 3872 0.494606 4096 
3868 3872 0.494606 4096 
3864 3864 0.484341 4096 
3860 3864 0.484341 4096 
3856 3864 0.484341 4096 
3852 3864 0.484341 4096 
3848 3864 0.484341 4096 
3844 3864 0.484341 4096 
3840 3864 0.484341 4096 
3836 3864 0.484341 4096 
3832 3864 0.484341 4096 
3828 3864 0.484341 4096 
3824 3824 0.481835 4096 
3820 3824 0.481835 4096 
3816 3816 0.476125 4096 
3812 3816 0.476125 4096 
3808 3808 0.475595 4096 
3804 3808 0.475595 4096 
3800 3800 0.464665 4096 
3796 3800 0.464665 4096 
3792 3800 0.464665 4096 
3788 3800 0.464665 4096 
3784 3784 0.464521 4096 
3780 3784 0.464521 4096 
3776 3776 0.454559 4096 
3772 3776 0.454559 4096 
3768 3776 0.454559 4096 
3764 3776 0.454559 4096 
3760 3776 0.454559 4096 
3756 3776 0.454559 4096 
3752 3776 0.454559 4096 
3748 3776 0.454559 4096 
3744 3744 0.445076 4096 
3740 3744 0.445076 4096 
3736 3736 0.439754 4096 
3732 3736 0.439754 4096 
3728 3736 0.439754 4096 
3724 3736 0.439754 4096 
3720 3720 0.438473 4096 
3716 3720 0.438473 4096 
3712 3712 0.427740 4096 
3708 3712 0.427740 4096 
3704 3712 0.427740 4096 
3700 3712 0.427740 4096 
3696 3712 0.427740 4096 
3692 3712 0.427740 4096 
3688 3712 0.427740 4096 
3684 3712 0.427740 4096 
3680 3680 0.427733 4096 
3676 3680 0.427733 4096 
3672 3672 0.427467 4096 
3668 3672 0.427467 4096 
3664 3664 0.425189 4096 
3660 3664 0.425189 4096 
3656 3656 0.422171 4096 
3652 3656 0.422171 4096 
3648 3648 0.414999 4096 
3644 3648 0.414999 4096 
3640 3648 0.414999 4096 
3636 3648 0.414999 4096 
3632 3632 0.410558 4096 
3628 3632 0.410558 4096 
3624 3632 0.410558 4096 
3620 3632 0.410558 4096 
3616 3616 0.409244 4096 
3612 3616 0.409244 4096 
3608 3608 0.408658 4096 
3604 3608 0.408658 4096 
3600 3600 0.403652 4096 
3596 3600 0.403652 4096 
3592 3600 0.403652 4096 
3588 3600 0.403652 4096 
3584 3600 0.403652 4096 
3580 3600 0.403652 4096 
3576 3576 0.390031 4096 
3572 3576 0.390031 4096 
3568 3568 0.389653 4096 
3564 3568 0.389653 4096 
3560 3568 0.389653 4096 
3556 3568 0.389653 4096 
3552 3568 0.389653 4096 
3548 3568 0.389653 4096 
3544 3568 0.389653 4096 
3540 3568 0.389653 4096 
3536 3536 0.384894 4096 
3532 3536 0.384894 4096 
3528 3528 0.380891 4096 
3524 3528 0.380891 4096 
3520 3528 0.380891 4096 
3516 3528 0.380891 4096 
3512 3528 0.380891 4096 
3508 3528 0.380891 4096 
3504 3528 0.380891 4096 
3500 3528 0.380891 4096 
3496 3528 0.380891 4096 
3492 3528 0.380891 4096 
3488 3528 0.380891 4096 
3484 3528 0.380891 4096 
3480 3528 0.380891 4096 
3476 3528 0.380891 4096 
3472 3472 0.362731 4096 
3468 3472 0.362731 4096 
3464 3464 0.362033 4096 
3460 3464 0.362033 4096 
3456 3456 0.357220 4096 
3452 3456 0.357220 4096 
3448 3456 0.357220 4096 
3444 3456 0.357220 4096 
3440 3440 0.352711 4096 
3436 3440 0.352711 4096 
3432 3440 0.352711 4096 
3428 3440 0.352711 4096 
3424 3440 0.352711 4096 
3420 3440 0.352711 4096 
3416 3440 0.352711 4096 
3412 3440 0.352711 4096 
3408 3408 0.352575 4096 
3404 3408 0.352575 4096 
3400 3408 0.352575 4096 
3396 3408 0.352575 4096 
3392 3392 0.338345 4096 
3388 3392 0.338345 4096 
3384 3384 0.337808 4096 
3380 3384 0.337808 4096 
3376 3384 0.337808 4096 
3372 3384 0.337808 4096 
3368 3384 0.337808 4096 
3364 3384 0.337808 4096 
3360 3384 0.337808 4096 
3356 3384 0.337808 4096 
3352 3352 0.323581 4096 
3348 3352 0.323581 4096 
3344 3352 0.323581 4096 
3340 3352 0.323581 4096 
3336 3352 0.323581 4096 
3332 3352 0.323581 4096 
3328 3352 0.323581 4096 
3324 3352 0.323581 4096 
3320 3352 0.323581 4096 
3316 3352 0.323581 4096 
3312 3312 0.320990 4096 
3308 3312 0.320990 4096 
3304 3312 0.320990 4096 
3300 3312 0.320990 4096 
3296 3312 0.320990 4096 
3292 3312 0.320990 4096 
3288 3288 0.314180 4096 
3284 3288 0.314180 4096 
3280 3288 0.314180 4096 
3276 3288 0.314180 4096 
3272 3272 0.314012 4096 
3268 3272 0.314012 4096 
3264 3264 0.313282 4096 
3260 3264 0.313282 4096 
3256 3264 0.313282 4096 
3252 3264 0.313282 4096 
3248 3248 0.309699 4096 
3244 3248 0.309699 4096 
3240 3240 0.304393 4096 
3236 3240 0.304393 4096 
3232 3240 0.304393 4096 
3228 3240 0.304393 4096 
3224 3224 0.303648 4096 
3220 3224 0.303648 4096 
3216 3224 0.303648 4096 
3212 3224 0.303648 4096 
3208 3224 0.303648 4096 
3204 3224 0.303648 4096 
3200 3200 0.291301 4096 
3196 3200 0.291301 4096 
3192 3200 0.291301 4096 
3188 3200 0.291301 4096 
3184 3200 0.291301 4096 
3180 3200 0.291301 4096 
3176 3200 0.291301 4096 
3172 3200 0.291301 4096 
3168 3168 0.288612 4096 
3164 3168 0.288612 4096 
3160 3168 0.288612 4096 
3156 3156 0.287300 4096 
3152 3152 0.280664 4096 
3148 3152 0.280664 4096 
3144 3152 0.280664 4096 
3140 3152 0.280664 4096 
3136 3152 0.280664 4096 
3132 3152 0.280664 4096 
3128 3128 0.275040 4096 
3124 3128 0.275040 4096 
3120 3128 0.275040 4096 
3116 3128 0.275040 4096 
3112 3128 0.275040 4096 
3108 3128 0.275040 4096 
3104 3104 0.272109 4096 
3100 3104 0.272109 4096 
3096 3096 0.268009 4096 
3092 3096 0.268009 4096 
3088 3096 0.268009 4096 
3084 3096 0.268009 4096 
3080 3096 0.268009 4096 
3076 3096 0.268009 4096 
3072 3096 0.268009 4096 
3068 3096 0.268009 4096 
3064 3096 0.268009 4096 
3060 3096 0.268009 4096 
3056 3056 0.263959 4096 
3052 3056 0.263959 4096 
3048 3048 0.259871 4096 
3044 3048 0.259871 4096 
3040 3048 0.259871 4096 
3036 3048 0.259871 4096 
3032 3048 0.259871 4096 
3028 3048 0.259871 4096 
3024 3024 0.256318 4096 
3020 3024 0.256318 4096 
3016 3024 0.256318 4096 
3012 3024 0.256318 4096 
3008 3008 0.254984 4096 
3004 3008 0.254984 4096 
3000 3000 0.253083 4096 
2996 3000 0.253083 4096 
2992 3000 0.253083 4096 
2988 3000 0.253083 4096 
2984 2984 0.250136 4096 
2980 2984 0.250136 4096 
2976 2976 0.247201 4096 
2972 2976 0.247201 4096 
2968 2976 0.247201 4096 
2964 2976 0.247201 4096 
2960 2960 0.236695 4096 
2956 2960 0.236695 4096 
2952 2960 0.236695 4096 
2948 2960 0.236695 4096 
2944 2960 0.236695 4096 
2940 2960 0.236695 4096 
2936 2960 0.236695 4096 
2932 2960 0.236695 4096 
2928 2960 0.236695 4096 
2924 2960 0.236695 4096 
2920 2960 0.236695 4096 
2916 2960 0.236695 4096 
2912 2912 0.225495 4096 
2908 2912 0.225495 4096 
2904 2912 0.225495 4096 
2900 2912 0.225495 4096 
2896 2912 0.225495 4096 
2892 2912 0.225495 4096 
2888 2912 0.225495 4096 
2884 2912 0.225495 4096 
2880 2912 0.225495 4096 
2876 2912 0.225495 4096 
2872 2912 0.225495 4096 
2868 2912 0.225495 4096 
2864 2864 0.218144 4096 
2860 2864 0.218144 4096 
2856 2864 0.218144 4096 
2852 2864 0.218144 4096 
2848 2848 0.216905 4096 
2844 2848 0.216905 4096 
2840 2848 0.216905 4096 
2836 2848 0.216905 4096 
2832 2848 0.216905 4096 
2828 2848 0.216905 4096 
2824 2848 0.216905 4096 
2820 2848 0.216905 4096 
2816 2848 0.216905 4096 
2812 2848 0.216905 4096 
2808 2808 0.213939 4096 
2804 2808 0.213939 4096 
2800 2808 0.213939 4096 
2796 2808 0.213939 4096 
2792 2792 0.211502 4096 
2788 2792 0.211502 4096 
2784 2792 0.211502 4096 
2780 2792 0.211502 4096 
2776 2776 0.205449 4096 
2772 2776 0.205449 4096 
2768 2776 0.205449 4096 
2764 2776 0.205449 4096 
2760 2776 0.205449 4096 
2756 2776 0.205449 4096 
2752 2752 0.203949 4096 
2748 2752 0.203949 4096 
2744 2744 0.196168 4096 
2740 2744 0.196168 4096 
2736 2736 0.193547 4096 
2732 2736 0.193547 4096 
2728 2736 0.193547 4096 
2724 2736 0.193547 4096 
2720 2736 0.193547 4096 
2716 2736 0.193547 4096 
2712 2736 0.193547 4096 
2708 2736 0.193547 4096 
2704 2704 0.192983 4096 
2700 2704 0.192983 4096 
2696 2696 0.189870 4096 
2692 2696 0.189870 4096 
2688 2696 0.189870 4096 
2684 2696 0.189870 4096 
2680 2680 0.189086 4096 
2676 2680 0.189086 4096 
2672 2680 0.189086 4096 
2668 2680 0.189086 4096 
2664 2664 0.187730 4096 
2660 2664 0.187730 4096 
2656 2656 0.180997 4096 
2652 2656 0.180997 4096 
2648 2656 0.180997 4096 
2644 2656 0.180997 4096 
2640 2640 0.179896 4096 
2636 2640 0.179896 4096 
2632 2640 0.179896 4096 
2628 2640 0.179896 4096 
2624 2624 0.175611 4096 
2620 2624 0.175611 4096 
2616 2624 0.175611 4096 
2612 2624 0.175611 4096 
2608 2624 0.175611 4096 
2604 2624 0.175611 4096 
2600 2624 0.175611 4096 
2596 2624 0.175611 4096 
2592 2592 0.174122 4096 
2588 2592 0.174122 4096 
2584 2592 0.174122 4096 
2580 2592 0.174122 4096 
2576 2576 0.173731 4096 
2572 2576 0.173731 4096 
2568 2568 0.169313 4096 
2564 2568 0.169313 4096 
2560 2568 0.169313 4096 
2556 2568 0.169313 4096 
2552 2552 0.167272 4096 
2548 2552 0.167272 4096 
2544 2552 0.167272 4096 
2540 2552 0.167272 4096 
2536 2536 0.167094 4096 
2532 2536 0.167094 4096 
2528 2528 0.164529 4096 
2524 2528 0.164529 4096 
2520 2520 0.164239 4096 
2516 2520 0.164239 4096 
2512 2512 0.161707 4096 
2508 2512 0.161707 4096 
2504 2512 0.161707 4096 
2500 2512 0.161707 4096 
2496 2496 0.159310 4096 
2492 2496 0.159310 4096 
2488 2496 0.159310 4096 
2484 2496 0.159310 4096 
2480 2480 0.158427 4096 
2476 2480 0.158427 4096 
2472 2472 0.157376 4096 
2468 2472 0.157376 4096 
2464 2472 0.157376 4096 
2460 2472 0.157376 4096 
2456 2456 0.149274 4096 
2452 2456 0.149274 4096 
2448 2456 0.149274 4096 
2444 2456 0.149274 4096 
2440 2440 0.149167 4096 
2436 2440 0.149167 4096 
2432 2432 0.145730 4096 
2428 2432 0.145730 4096 
2424 2432 0.145730 4096 
2420 2432 0.145730 4096 
2416 2416 0.145372 4096 
2412 2416 0.145372 4096 
2408 2408 0.138114 4096 
2404 2408 0.138114 4096 
2400 2408 0.138114 4096 
2396 2408 0.138114 4096 
2392 2408 0.138114 4096 
2388 2408 0.138114 4096 
2384 2408 0.138114 4096 
2380 2408 0.138114 4096 
2376 2408 0.138114 4096 
2372 2408 0.138114 4096 
2368 2368 0.133154 4096 
2364 2368 0.133154 4096 
2360 2368 0.133154 4096 
2356 2368 0.133154 4096 
2352 2352 0.129429 4096 
2348 2352 0.129429 4096 
2344 2352 0.129429 4096 
2340 2352 0.129429 4096 
2336 2336 0.126292 4096 
2332 2336 0.126292 4096 
2328 2336 0.126292 4096 
2324 2336 0.126292 4096 
2320 2336 0.126292 4096 
2316 2336 0.126292 4096 
2312 2336 0.126292 4096 
2308 2336 0.126292 4096 
2304 2336 0.126292 4096 
2300 2336 0.126292 4096 
2296 2296 0.122454 4096 
2292 2296 0.122454 4096 
2288 2296 0.122454 4096 
2284 2296 0.122454 4096 
2280 2296 0.122454 4096 
2276 2296 0.122454 4096 
2272 2272 0.120163 4096 
2268 2272 0.120163 4096 
2264 2272 0.120163 4096 
2260 2272 0.120163 4096 
2256 2272 0.120163 4096 
2252 2272 0.120163 4096 
2248 2248 0.116269 4096 
2244 2248 0.116269 4096 
2240 2248 0.116269 4096 
2236 2248 0.116269 4096 
2232 2248 0.116269 4096 
2228 2248 0.116269 4096 
2224 2224 0.112961 4096 
2220 2224 0.112961 4096 
2216 2224 0.112961 4096 
2212 2224 0.112961 4096 
2208 2224 0.112961 4096 
2204 2224 0.112961 4096 
2200 2200 0.112731 4096 
2196 2196 0.110795 4096 
2192 2196 0.110795 4096 
2188 2196 0.110795 4096 
2184 2184 0.108469 4096 
2180 2184 0.108469 4096 
2176 2184 0.108469 4096 
2172 2184 0.108469 4096 
2168 2168 0.108129 4096 
2164 2168 0.108129 4096 
2160 2168 0.108129 4096 
2156 2168 0.108129 4096 
2152 2168 0.108129 4096 
2148 2168 0.108129 4096 
2144 2168 0.108129 4096 
2140 2168 0.108129 4096 
2136 2136 0.101227 4096 
2132 2136 0.101227 4096 
2128 2136 0.101227 4096 
2124 2136 0.101227 4096 
2120 2136 0.101227 4096 
2116 2136 0.101227 4096 
2112 2112 0.096667 4096 
2108 2112 0.096667 4096 
2104 2112 0.096667 4096 
2100 2112 0.096667 4096 
2096 2096 0.096356 4096 
2092 2096 0.096356 4096 
2088 2096 0.096356 4096 
2084 2096 0.096356 4096 
2080 2080 0.096080 4096 
2076 2080 0.096080 4096 
2072 2080 0.096080 4096 
2068 2068 0.095574 4096 
2064 2068 0.095574 4096 
2060 2068 0.095574 4096 
2056 2068 0.095574 4096 
2052 2068 0.095574 4096 
2048 2068 0.095574 4096 
2044 2068 0.095574 4096 
2040 2068 0.095574 4096 
2036 2068 0.095574 4096 
2032 2032 0.095164 4096 
2028 2032 0.095164 4096 
2024 2024 0.094068 4096 
2020 2024 0.094068 4096 
2016 2016 0.093325 4096 
2012 2012 0.091443 4096 
2008 2008 0.090437 4096 
2004 2008 0.090437 4096 
2000 2008 0.090437 4096 
1996 2008 0.090437 4096 
1992 2008 0.090437 4096 
1988 2008 0.090437 4096 
1984 1984 0.085920 4096 
1980 1984 0.085920 4096 
1976 1984 0.085920 4096 
1972 1984 0.085920 4096 
1968 1968 0.084874 4096 
1964 1968 0.084874 4096 
1960 1968 0.084874 4096 
1956 1968 0.084874 4096 
1952 1952 0.083884 4096 
1948 1952 0.083884 4096 
1944 1952 0.083884 4096 
1940 1952 0.083884 4096 
1936 1952 0.083884 4096 
1932 1952 0.083884 4096 
1928 1952 0.083884 4096 
1924 1924 0.082449 4096 
1920 1924 0.082449 4096 
1916 1916 0.081205 4096 
1912 1912 0.080626 4096 
1908 1912 0.080626 4096 
1904 1904 0.080173 4096 
1900 1904 0.080173 4096 
1896 1904 0.080173 4096 
1892 1904 0.080173 4096 
1888 1888 0.077694 4096 
1884 1888 0.077694 4096 
1880 1888 0.077694 4096 
1876 1888 0.077694 4096 
1872 1872 0.077066 4096 
1868 1872 0.077066 4096 
1864 1872 0.077066 4096 
1860 1872 0.077066 4096 
1856 1856 0.073921 4096 
1852 1856 0.073921 4096 
1848 1848 0.073285 4096 
1844 1848 0.073285 4096 
1840 1848 0.073285 4096 
1836 1848 0.073285 4096 
1832 1832 0.072368 4096 
1828 1832 0.072368 4096 
1824 1824 0.071360 4096 
1820 1824 0.071360 4096 
1816 1824 0.071360 4096 
1812 1824 0.071360 4096 
1808 1824 0.071360 4096 
1804 1824 0.071360 4096 
1800 1824 0.071360 4096 
1796 1824 0.071360 4096 
1792 1792 0.070852 4096 
1788 1788 0.070120 4096 
1784 1784 0.070051 4096 
1780 1780 0.069293 4096 
1776 1776 0.068459 4096 
1772 1776 0.068459 4096 
1768 1768 0.066588 4096 
1764 1768 0.066588 4096 
1760 1760 0.065759 4096 
1756 1760 0.065759 4096 
1752 1752 0.065540 4096 
1748 1752 0.065540 4096 
1744 1744 0.063850 4096 
1740 1744 0.063850 4096 
1736 1744 0.063850 4096 
1732 1744 0.063850 4096 
1728 1728 0.063128 4096 
1724 1728 0.063128 4096 
1720 1720 0.062788 4096 
1716 1720 0.062788 4096 
1712 1712 0.062387 4096 
1708 1712 0.062387 4096 
1704 1712 0.062387 4096 
1700 1712 0.062387 4096 
1696 1696 0.059254 4096 
1692 1696 0.059254 4096 
1688 1688 0.059005 4096 
1684 1688 0.059005 4096 
1680 1680 0.058754 4096 
1676 1680 0.058754 4096 
1672 1680 0.058754 4096 
1668 1680 0.058754 4096 
1664 1664 0.056468 4096 
1660 1664 0.056468 4096 
1656 1656 0.056215 4096 
1652 1656 0.056215 4096 
1648 1656 0.056215 4096 
1644 1644 0.056035 4096 
1640 1644 0.056035 4096 
1636 1644 0.056035 4096 
1632 1632 0.055087 4096 
1628 1632 0.055087 4096 
1624 1624 0.053759 4096 
1620 1624 0.053759 4096 
1616 1616 0.053376 4096 
1612 1616 0.053376 4096 
1608 1608 0.053367 4096 
1604 1604 0.052908 4096 
1600 1600 0.050893 4096 
1596 1600 0.050893 4096 
1592 1600 0.050893 4096 
1588 1600 0.050893 4096 
1584 1584 0.049352 4096 
1580 1584 0.049352 4096 
1576 1584 0.049352 4096 
1572 1584 0.049352 4096 
1568 1584 0.049352 4096 
1564 1584 0.049352 4096 
1560 1560 0.047626 4096 
1556 1560 0.047626 4096 
1552 1560 0.047626 4096 
1548 1560 0.047626 4096 
1544 1560 0.047626 4096 
1540 1560 0.047626 4096 
1536 1560 0.047626 4096 
1532 1560 0.047626 4096 
1528 1528 0.045615 4096 
1524 1528 0.045615 4096 
1520 1520 0.045076 4096 
1516 1520 0.045076 4096 
1512 1520 0.045076 4096 
1508 1520 0.045076 4096 
1504 1504 0.043727 4096 
1500 1504 0.043727 4096 
1496 1496 0.043457 4096 
1492 1496 0.043457 4096 
1488 1496 0.043457 4096 
1484 1496 0.043457 4096 
1480 1480 0.043333 4096 
1476 1480 0.043333 4096 
1472 1472 0.042736 4096 
1468 1472 0.042736 4096 
1464 1464 0.042178 4096 
1460 1464 0.042178 4096 
1456 1456 0.041061 4096 
1452 1456 0.041061 4096 
1448 1448 0.040486 4096 
1444 1448 0.040486 4096 
1440 1448 0.040486 4096 
1436 1448 0.040486 4096 
1432 1432 0.039100 4096 
1428 1432 0.039100 4096 
1424 1432 0.039100 4096 
1420 1432 0.039100 4096 
1416 1432 0.039100 4096 
1412 1432 0.039100 4096 
1408 1432 0.039100 4096 
1404 1404 0.038552 4096 
1400 1404 0.038552 4096 
1396 1404 0.038552 4096 
1392 1392 0.037140 4096 
1388 1392 0.037140 4096 
1384 1392 0.037140 4096 
1380 1380 0.036358 4096 
1376 1380 0.036358 4096 
1372 1380 0.036358 4096 
1368 1380 0.036358 4096 
1364 1380 0.036358 4096 
1360 1380 0.036358 4096 
1356 1356 0.036130 4096 
1352 1356 0.036130 4096 
1348 1348 0.035094 4096 
1344 1344 0.034835 4096 
1340 1344 0.034835 4096 
1336 1344 0.034835 4096 
1332 1332 0.034320 4096 
1328 1328 0.033245 4096 
1324 1328 0.033245 4096 
1320 1328 0.033245 4096 
1316 1328 0.033245 4096 
1312 1312 0.033128 4096 
1308 1308 0.032629 4096 
1304 1308 0.032629 4096 
1300 1300 0.032419 4096 
1296 1300 0.032419 4096 
1292 1292 0.031895 4096 
1288 1288 0.030996 4096 
1284 1288 0.030996 4096 
1280 1288 0.030996 4096 
1276 1276 0.030583 4096 
1272 1272 0.029692 4096 
1268 1272 0.029692 4096 
1264 1272 0.029692 4096 
1260 1272 0.029692 4096 
1256 1272 0.029692 4096 
1252 1272 0.029692 4096 
1248 1248 0.028836 4096 
1244 1248 0.028836 4096 
1240 1248 0.028836 4096 
1236 1248 0.028836 4096 
1232 1232 0.027744 4096 
1228 1232 0.027744 4096 
1224 1232 0.027744 4096 
1220 1232 0.027744 4096 
1216 1216 0.026319 4096 
1212 1216 0.026319 4096 
1208 1216 0.026319 4096 
1204 1216 0.026319 4096 
1200 1200 0.025683 4096 
1196 1196 0.025295 4096 
1192 1196 0.025295 4096 
1188 1188 0.025237 4096 
1184 1188 0.025237 4096 
1180 1180 0.024782 4096 
1176 1180 0.024782 4096 
1172 1172 0.024557 4096 
1168 1172 0.024557 4096 
1164 1164 0.024255 4096 
1160 1164 0.024255 4096 
1156 1156 0.023840 4096 
1152 1152 0.023181 4096 
1148 1148 0.022841 4096 
1144 1148 0.022841 4096 
1140 1140 0.022564 4096 
1136 1136 0.022332 4096 
1132 1136 0.022332 4096 
1128 1136 0.022332 4096 
1124 1124 0.022024 4096 
1120 1120 0.021939 4096 
1116 1116 0.021793 4096 
1112 1116 0.021793 4096 
1108 1108 0.021683 4096 
1104 1104 0.021449 4096 
1100 1104 0.021449 4096 
1096 1096 0.021157 4096 
1092 1092 0.021156 4096 
1088 1088 0.020314 4096 
1084 1084 0.020143 4096 
1080 1080 0.020092 4096 
1076 1076 0.019972 4096 
1072 1072 0.019561 4096 
1068 1072 0.019561 4096 
1064 1064 0.019118 4096 
1060 1064 0.019118 4096 
1056 1056 0.018984 4096 
1052 1056 0.018984 4096 
1048 1056 0.018984 4096 
1044 1056 0.018984 4096 
1040 1040 0.018748 4096 
1036 1040 0.018748 4096 
1032 1040 0.018748 4096 
1028 1040 0.018748 4096 
1024 1024 0.017882 4096 
1020 1024 0.017882 4096 
1016 1024 0.017882 4096 
1012 1012 0.017504 4096 
1008 1008 0.017298 4096 
1004 1004 0.017174 4096 
1000 1000 0.016911 4096 
996 1000 0.016911 4096 
992 992 0.016848 4096 
988 992 0.016848 4096 
984 984 0.016760 4096 
980 984 0.016760 4096 
976 976 0.016158 4096 
972 976 0.016158 4096 
968 968 0.016030 4096 
964 968 0.016030 4096 
960 960 0.015089 4096 
956 960 0.015089 4096 
952 960 0.015089 4096 
948 960 0.015089 4096 
944 944 0.014949 4096 
940 944 0.014949 4096 
936 936 0.014804 4096 
932 932 0.014700 4096 
928 928 0.014265 4096 
924 928 0.014265 4096 
920 920 0.014248 4096 
916 920 0.014248 4096 
912 912 0.014142 4096 
908 908 0.014089 4096 
904 904 0.013836 4096 
900 904 0.013836 4096 
896 896 0.013035 4096 
892 896 0.013035 4096 
888 896 0.013035 4096 
884 884 0.012954 4096 
880 880 0.012597 4096 
876 880 0.012597 4096 
872 872 0.012509 4096 
868 872 0.012509 4096 
864 864 0.012268 4096 
860 864 0.012268 4096 
856 856 0.012061 4096 
852 856 0.012061 4096 
848 848 0.012033 4096 
844 848 0.012033 4096 
840 840 0.011894 4096 
836 840 0.011894 4096 
832 832 0.011027 4096 
828 832 0.011027 4096 
824 824 0.010833 4096 
820 824 0.010833 4096 
816 816 0.010707 4096 
812 816 0.010707 4096 
808 816 0.010707 4096 
804 816 0.010707 4096 
800 800 0.010465 4096 
796 800 0.010465 4096 
792 792 0.010314 4096 
788 792 0.010314 4096 
784 792 0.010314 4096 
780 792 0.010314 4096 
776 792 0.010314 4096 
772 792 0.010314 4096 
768 792 0.010314 4096 
764 792 0.010314 4096 
760 792 0.010314 4096 
756 792 0.010314 4096 
752 792 0.010314 4096 
748 792 0.010314 4096 
744 792 0.010314 4096 
740 792 0.010314 4096 
736 792 0.010314 4096 
732 792 0.010314 4096 
728 792 0.010314 4096 
724 792 0.010314 4096 
720 792 0.010314 4096 
716 792 0.010314 4096 
712 792 0.010314 4096 
708 792 0.010314 4096 
704 792 0.010314 4096 
700 792 0.010314 4096 
696 792 0.010314 4096 
692 792 0.010314 4096 
688 792 0.010314 4096 
684 792 0.010314 4096 
680 792 0.010314 4096 
676 792 0.010314 4096 
672 792 0.010314 4096 
668 792 0.010314 4096 
664 792 0.010314 4096 
660 792 0.010314 4096 
656 792 0.010314 4096 
652 792 0.010314 4096 
648 792 0.010314 4096 
644 792 0.010314 4096 
640 792 0.010314 4096 
636 792 0.010314 4096 
632 792 0.010314 4096 
628 792 0.010314 4096 
624 792 0.010314 4096 
620 792 0.010314 4096 
616 792 0.010314 4096 
612 792 0.010314 4096 
608 792 0.010314 4096 
604 792 0.010314 4096 
600 792 0.010314 4096 
596 792 0.010314 4096 
592 792 0.010314 4096 
588 792 0.010314 4096 
584 792 0.010314 4096 
580 792 0.010314 4096 
576 576 0.010234 4096 
572 572 0.010201 4096 
568 568 0.009931 4096 
564 564 0.009775 4096 
560 560 0.009423 4096 
556 556 0.005442 4096 
552 556 0.005442 4096 
548 556 0.005442 4096 
544 544 0.005125 4096 
540 544 0.005125 4096 
536 536 0.004900 4096 
532 536 0.004900 4096 
528 536 0.004900 4096 
524 536 0.004900 4096 
520 520 0.004644 4096 
516 520 0.004644 4096 
512 512 0.004584 4096 
508 512 0.004584 4096 
504 512 0.004584 4096 
500 500 0.004574 4096 
496 496 0.004435 4096 
492 496 0.004435 4096 
488 496 0.004435 4096 
484 496 0.004435 4096 
480 480 0.003982 4096 
476 480 0.003982 4096 
472 472 0.003856 4096 
468 468 0.003809 4096 
464 468 0.003809 4096 
460 460 0.003721 4096 
456 456 0.003672 4096 
452 456 0.003672 4096 
448 456 0.003672 4096 
444 444 0.003588 4096 
440 444 0.003588 4096 
436 436 0.003350 4096 
432 436 0.003350 4096 
428 436 0.003350 4096 
424 436 0.003350 4096 
420 420 0.003179 4096 
416 416 0.003068 4096 
412 412 0.003064 4096 
408 408 0.002988 4096 
404 404 0.002933 4096 
400 400 0.002841 4096 
396 396 0.002835 4096 
392 392 0.002659 4096 
388 392 0.002659 4096 
384 384 0.002606 4096 
380 380 0.002253 4096 
376 376 0.002172 4096 
372 372 0.002168 4096 
368 368 0.002095 4096 
364 368 0.002095 4096 
360 360 0.002029 4096 
356 360 0.002029 4096 
352 352 0.001954 4096 
348 352 0.001954 4096 
344 344 0.001889 4096 
340 344 0.001889 4096 
336 336 0.001833 4096 
332 336 0.001833 4096 
328 336 0.001833 4096 
324 336 0.001833 4096 
320 320 0.001740 4096 
316 316 0.001483 4096 
312 312 0.001455 4096 
308 308 0.001429 4096 
304 304 0.001405 4096 
300 300 0.001384 4096 
296 296 0.001358 4096 
292 292 0.001317 4096 
288 288 0.001307 4096 
284 284 0.001270 4096 
280 280 0.001260 4096 
276 276 0.001225 4096 
272 272 0.001131 4096 
268 268 0.001125 4096 
264 264 0.001072 4096 
260 260 0.001030 4096 
256 256 0.000939 4096 
252 256 0.000939 4096 
248 248 0.000910 4096 
244 244 0.000883 4096 
240 240 0.000815 4096 
236 236 0.000797 4096 
232 232 0.000758 4096 
228 228 0.000744 4096 
224 224 0.000686 4096 
220 224 0.000686 4096 
216 216 0.000656 4096 
212 212 0.000624 4096 
208 208 0.000595 4096 
204 204 0.000561 4096 
200 200 0.000547 4096 
196 196 0.000515 4096 
192 192 0.000472 4096 
188 192 0.000472 4096 
184 184 0.000452 4096 
180 180 0.000429 4096 
176 176 0.000395 4096 
172 172 0.000383 4096 
168 168 0.000353 4096 
164 164 0.000349 4096 
160 160 0.000324 4096 
156 156 0.000316 4096 
152 152 0.000285 4096 
148 148 0.000284 4096 
144 144 0.000267 4096 
140 144 0.000267 4096 
136 144 0.000267 4096 
132 144 0.000267 4096 
128 128 0.000224 4096 
124 124 0.000206 4096 
120 120 0.000186 4096 
116 116 0.000178 4096 
112 112 0.000173 4096 
108 108 0.000155 4096 
104 108 0.000155 4096 
100 108 0.000155 4096 
96 108 0.000155 4096 
92 92 0.000138 4096 
88 88 0.000120 4096 
84 84 0.000118 4096 
80 80 0.000111 4096 
76 80 0.000111 4096 
72 80 0.000111 4096 
68 80 0.000111 4096 
64 64 0.000084 4096 
60 60 0.000069 4096 
56 56 0.000043 4096 
52 52 0.000036 4096 
48 48 0.000035 4096 
44 44 0.000021 4096 
40 40 0.000019 4096 
36 36 0.000016 4096 
32 32 0.000014 4096 
28 28 0.000008 4096 
24 28 0.000008 4096 
20 28 0.000008 4096 
16 16 0.000006 4096 
12 12 0.000002 4096 
8 12 0.000002 4096 
4 12 0.000002 4096 
